calibration:
  calibrationResultX0: -0.000839704
  calibrationResultX1: 8.14812e-07
  calibrationResultX2: 0.828351
  calibrationResultY0: 8.50671e-07
  calibrationResultY1: 0.000839719
  calibrationResultY2: -0.0309142
