calibrationResultX[0]: 0.11585288398528333
calibrationResultX[1]: 0.012917737465614068
calibrationResultX[2]: -6.6643948875641437
calibrationResultY[0]: 0.0019495198759512705
calibrationResultY[1]: 0.10123806873800162
calibrationResultY[2]: -0.99002247107607344
