A: 0.099719202817718872
B: -0.0019806209078262471
C: 0.11894865723582573
D: 0.0020144649267210984
E: 0.10473290963219763
F: -2.0659823676001126